  Loaded 47 ACTIVE book entries from data/book/
  BRAIN auth OK (cookies: 1)
                        LL106da6: 1236 pts
                        A1Pobg9Y: 1236 pts
                        mLbEAk05: 1236 pts
                        JjO6YkZA: 1236 pts
                        N1rY60QE: 1236 pts
                        9qrNKvaV: 1236 pts
                        akn5MP82: 1236 pts
             SUB:iv_event_breadt: 1236 pts
             SUB:event_leverage_: 1236 pts
             SUB:deferred_revenu: 1236 pts
             SUB:conglomerate_re: 1236 pts
             SUB:negated_enterpr: 1236 pts
             SUB:drc_bvps_gap_le: 1236 pts
             SUB:fundamental_int: 1236 pts
             SUB:guidance_fundam: 1236 pts
             SUB:dd1q_intraday_a: 1236 pts
             SUB:fundamental_iv6: 1236 pts
             SUB:negated_relatio: 1236 pts
             SUB:event_leverage_: 1236 pts
             SUB:fundamental_rev: 1236 pts
             SUB:investment_intr: 1236 pts
             SUB:accrual_intrada: 1236 pts
             SUB:fundamental_sen: 1236 pts
             SUB:analyst_coverag: 1236 pts
             SUB:deferred_tax_re: 1236 pts
             SUB:pv_intraday_rev: 1236 pts
             SUB:excise_tax_even: 1236 pts
             SUB:cumrev_deprecia: 1236 pts
             SUB:fair_val_liab_e: 1236 pts
             SUB:ppe_capital_int: 1236 pts
             SUB:accrued_liabili: 1236 pts
             SUB:iv60_fundamenta: 1236 pts
             SUB:capital_intensi: 1236 pts
             SUB:event_leverage_: 1236 pts
             SUB:coverage_breadt: 1236 pts
             SUB:fair_val_assets: 1236 pts
               SUB:virgin_market: 1236 pts
             SUB:iv_fundamental_: 1236 pts
             SUB:guidance_analys: 1236 pts
             SUB:sentiment_iv_sp: 1236 pts
             SUB:fundamental_sen: 1236 pts
                 SUB:fundamental: 1236 pts
             SUB:tlcf_event_magn: 1236 pts
             SUB:analyst_revisio: 1236 pts
             SUB:options_iv_spre: 1236 pts
             SUB:analyst_revisio: 1236 pts
             SUB:ppegtq_event_ma: 1236 pts
             SUB:relationships_m: 1236 pts
             SUB:quality_revisio: 1236 pts
             SUB:leverage_analys: 1236 pts
             SUB:event_leverage_: 1236 pts
             SUB:buzz_reversal_a: 1236 pts
             SUB:pv_return_rever: 1236 pts
             SUB:accrual_analyst: 1236 pts

                                LL106da6            A1Pobg9Y            mLbEAk05            JjO6YkZA            N1rY60QE            9qrNKvaV            akn5MP82  SUB:iv_event_bread  SUB:event_leverage  SUB:deferred_reven  SUB:conglomerate_r  SUB:negated_enterp  SUB:drc_bvps_gap_l  SUB:fundamental_in  SUB:guidance_funda  SUB:dd1q_intraday_  SUB:fundamental_iv  SUB:negated_relati  SUB:event_leverage  SUB:fundamental_re  SUB:investment_int  SUB:accrual_intrad  SUB:fundamental_se  SUB:analyst_covera  SUB:deferred_tax_r  SUB:pv_intraday_re  SUB:excise_tax_eve  SUB:cumrev_depreci  SUB:fair_val_liab_  SUB:ppe_capital_in  SUB:accrued_liabil  SUB:iv60_fundament  SUB:capital_intens  SUB:event_leverage  SUB:coverage_bread  SUB:fair_val_asset   SUB:virgin_market  SUB:iv_fundamental  SUB:guidance_analy  SUB:sentiment_iv_s  SUB:fundamental_se     SUB:fundamental  SUB:tlcf_event_mag  SUB:analyst_revisi  SUB:options_iv_spr  SUB:analyst_revisi  SUB:ppegtq_event_m  SUB:relationships_  SUB:quality_revisi  SUB:leverage_analy  SUB:event_leverage  SUB:buzz_reversal_  SUB:pv_return_reve  SUB:accrual_analys
            LL106da6               1.000               0.883               0.721               0.688               0.729               0.806               0.618              -0.008               0.534               0.502               0.210               0.172               0.366               0.212               0.458               0.504               0.063               0.249               0.440               0.205               0.262               0.259               0.543               0.300               0.515               0.242               0.794               0.295               0.642               0.427               0.467               0.150               0.434               0.635               0.437               0.555               0.537               0.213               0.490               0.061               0.264               0.683               0.787               0.197              -0.048               0.083               0.774               0.216               0.499               0.455               0.338               0.058               0.283               0.261
            A1Pobg9Y               0.883               1.000               0.741               0.700               0.707               0.841               0.630              -0.043               0.490               0.471               0.247               0.124               0.248               0.194               0.410               0.475               0.043               0.250               0.453               0.198               0.241               0.228               0.495               0.293               0.511               0.238               0.721               0.287               0.673               0.381               0.448               0.109               0.398               0.611               0.375               0.536               0.518               0.225               0.429               0.031               0.262               0.596               0.758               0.201              -0.043               0.129               0.707               0.205               0.456               0.443               0.338               0.085               0.274               0.215
            mLbEAk05               0.721               0.741               1.000               0.671               0.630               0.634               0.472              -0.124               0.448               0.329               0.084               0.001               0.143               0.006               0.226               0.251               0.043              -0.021               0.364              -0.002               0.109               0.008               0.312               0.076               0.269               0.019               0.573               0.213               0.557               0.213               0.277               0.076               0.257               0.399               0.199               0.476               0.273               0.160               0.192               0.019               0.044               0.409               0.612              -0.011              -0.056               0.062               0.665               0.067               0.291               0.382               0.261               0.036               0.043               0.180
            JjO6YkZA               0.688               0.700               0.671               1.000               0.622               0.634               0.316              -0.005               0.327               0.417               0.154               0.347               0.199               0.103               0.157               0.456              -0.008               0.107               0.537               0.314              -0.058               0.061               0.304               0.359               0.476               0.376               0.405               0.124               0.512               0.287               0.315              -0.260               0.266               0.515               0.500               0.523               0.354               0.128               0.278              -0.046               0.413               0.391               0.814               0.078               0.016               0.074               0.465               0.086               0.251               0.237               0.252              -0.043               0.330              -0.003
            N1rY60QE               0.729               0.707               0.630               0.622               1.000               0.702               0.590               0.067               0.342               0.299               0.267               0.185               0.244               0.192               0.276               0.331               0.061               0.271               0.216               0.228               0.279               0.293               0.342               0.222               0.323               0.320               0.707               0.198               0.633               0.237               0.307               0.107               0.281               0.518               0.365               0.509               0.341               0.172               0.349               0.076               0.252               0.414               0.628               0.186               0.016               0.058               0.499               0.130               0.339               0.325               0.145               0.033               0.282               0.148
            9qrNKvaV               0.806               0.841               0.634               0.634               0.702               1.000               0.637              -0.043               0.351               0.407               0.241               0.151               0.197               0.185               0.356               0.507               0.052               0.251               0.396               0.236               0.178               0.230               0.425               0.278               0.465               0.318               0.654               0.257               0.626               0.334               0.417               0.083               0.315               0.555               0.369               0.439               0.517               0.251               0.418               0.071               0.297               0.557               0.728               0.202               0.017               0.119               0.582               0.181               0.412               0.331               0.276               0.051               0.346               0.136
            akn5MP82               0.618               0.630               0.472               0.316               0.590               0.637               1.000              -0.025               0.248               0.210               0.337              -0.071               0.050               0.167               0.279               0.175              -0.010               0.221               0.073               0.141               0.382               0.248               0.303               0.012               0.151               0.204               0.698               0.210               0.579               0.134               0.265               0.259               0.261               0.415               0.107               0.348               0.249               0.109               0.291               0.051               0.131               0.366               0.449               0.167              -0.030               0.078               0.465               0.109               0.315               0.385               0.139               0.020               0.112               0.139
  SUB:iv_event_bread              -0.008              -0.043              -0.124              -0.005               0.067              -0.043              -0.025               1.000               0.217               0.216               0.312               0.478               0.396               0.669               0.256               0.231               0.356               0.389               0.171               0.415               0.338               0.546               0.261               0.384               0.252               0.165               0.102               0.166               0.104               0.284               0.205               0.210               0.318               0.272               0.353               0.130               0.172               0.375               0.287               0.308               0.332               0.122              -0.031               0.331               0.330               0.077               0.003               0.340               0.166               0.043               0.105               0.169               0.221               0.271
  SUB:event_leverage               0.534               0.490               0.448               0.327               0.342               0.351               0.248               0.217               1.000               0.539               0.295               0.189               0.531               0.445               0.476               0.396               0.363               0.277               0.569               0.175               0.375               0.281               0.548               0.241               0.435              -0.155               0.618               0.349               0.391               0.491               0.418               0.344               0.406               0.716               0.225               0.512               0.397               0.373               0.355               0.230               0.205               0.372               0.368               0.323               0.139               0.220               0.667               0.462               0.402               0.549               0.557               0.240              -0.010               0.447
  SUB:deferred_reven               0.502               0.471               0.329               0.417               0.299               0.407               0.210               0.216               0.539               1.000               0.563               0.388               0.605               0.474               0.622               0.552               0.241               0.486               0.517               0.272               0.381               0.439               0.521               0.527               0.626               0.116               0.499               0.435               0.380               0.544               0.595               0.213               0.645               0.519               0.563               0.534               0.621               0.329               0.599               0.194               0.315               0.573               0.392               0.488               0.149               0.286               0.520               0.561               0.689               0.360               0.451               0.228               0.255               0.438
  SUB:conglomerate_r               0.210               0.247               0.084               0.154               0.267               0.241               0.337               0.312               0.295               0.563               1.000               0.335               0.385               0.550               0.434               0.282               0.240               0.600               0.133               0.344               0.629               0.588               0.332               0.410               0.356               0.223               0.509               0.340               0.341               0.325               0.399               0.271               0.440               0.411               0.424               0.373               0.314               0.279               0.460               0.234               0.318               0.237               0.180               0.507               0.226               0.265               0.220               0.527               0.474               0.268               0.219               0.250               0.285               0.280
  SUB:negated_enterp               0.172               0.124               0.001               0.347               0.185               0.151              -0.071               0.478               0.189               0.388               0.335               1.000               0.512               0.504               0.250               0.445               0.167               0.417               0.356               0.460               0.158               0.504               0.258               0.650               0.481               0.373               0.105               0.191               0.160               0.368               0.346              -0.135               0.329               0.337               0.612               0.274               0.295               0.229               0.365               0.136               0.470               0.228               0.322               0.389               0.231               0.184               0.069               0.347               0.235               0.019               0.168               0.162               0.370               0.156
  SUB:drc_bvps_gap_l               0.366               0.248               0.143               0.199               0.244               0.197               0.050               0.396               0.531               0.605               0.385               0.512               1.000               0.561               0.589               0.476               0.317               0.591               0.311               0.260               0.580               0.615               0.525               0.529               0.575               0.099               0.459               0.424               0.290               0.553               0.524               0.345               0.508               0.412               0.601               0.439               0.508               0.320               0.562               0.296               0.253               0.470               0.135               0.582               0.202               0.213               0.391               0.575               0.504               0.269               0.367               0.305               0.284               0.527
  SUB:fundamental_in               0.212               0.194               0.006               0.103               0.192               0.185               0.167               0.669               0.445               0.474               0.550               0.504               0.561               1.000               0.573               0.468               0.376               0.624               0.357               0.629               0.558               0.782               0.554               0.455               0.475               0.225               0.370               0.376               0.270               0.562               0.411               0.325               0.451               0.536               0.447               0.289               0.386               0.425               0.584               0.293               0.524               0.397               0.107               0.563               0.280               0.250               0.216               0.570               0.393               0.216               0.346               0.263               0.320               0.336
  SUB:guidance_funda               0.458               0.410               0.226               0.157               0.276               0.356               0.279               0.256               0.476               0.622               0.434               0.250               0.589               0.573               1.000               0.556               0.288               0.638               0.317               0.207               0.584               0.605               0.624               0.443               0.616               0.030               0.548               0.604               0.381               0.655               0.539               0.492               0.691               0.446               0.349               0.347               0.654               0.409               0.915               0.275               0.179               0.766               0.159               0.618               0.146               0.373               0.527               0.636               0.608               0.479               0.522               0.342               0.238               0.484
  SUB:dd1q_intraday_               0.504               0.475               0.251               0.456               0.331               0.507               0.175               0.231               0.396               0.552               0.282               0.445               0.476               0.468               0.556               1.000               0.189               0.528               0.646               0.422               0.243               0.406               0.584               0.594               0.679               0.323               0.345               0.393               0.382               0.663               0.519               0.089               0.500               0.580               0.538               0.344               0.797               0.406               0.598               0.179               0.498               0.607               0.468               0.473               0.161               0.246               0.410               0.572               0.473               0.242               0.429               0.197               0.415               0.252
  SUB:fundamental_iv               0.063               0.043               0.043              -0.008               0.061               0.052              -0.010               0.356               0.363               0.241               0.240               0.167               0.317               0.376               0.288               0.189               1.000               0.190               0.206               0.170               0.295               0.236               0.279               0.065               0.137              -0.117               0.206               0.238               0.090               0.241               0.202               0.531               0.120               0.199               0.121               0.141               0.152               0.661               0.221               0.562               0.139               0.178              -0.030               0.295               0.508               0.178               0.188               0.306               0.194               0.167               0.247               0.240               0.003               0.231
  SUB:negated_relati               0.249               0.250              -0.021               0.107               0.271               0.251               0.221               0.389               0.277               0.486               0.600               0.417               0.591               0.624               0.638               0.528               0.190               1.000               0.115               0.378               0.651               0.780               0.459               0.651               0.615               0.385               0.455               0.436               0.326               0.559               0.451               0.326               0.535               0.464               0.511               0.267               0.572               0.250               0.680               0.239               0.355               0.389               0.108               0.670               0.183               0.277               0.188               0.639               0.475               0.269               0.256               0.268               0.473               0.331
  SUB:event_leverage               0.440               0.453               0.364               0.537               0.216               0.396               0.073               0.171               0.569               0.517               0.133               0.356               0.311               0.357               0.317               0.646               0.206               0.115               1.000               0.351              -0.016               0.090               0.445               0.370               0.538               0.067               0.206               0.244               0.265               0.477               0.417              -0.089               0.305               0.573               0.391               0.354               0.454               0.420               0.303               0.114               0.438               0.411               0.549               0.227               0.202               0.239               0.452               0.399               0.313               0.253               0.495               0.140               0.154               0.201
  SUB:fundamental_re               0.205               0.198              -0.002               0.314               0.228               0.236               0.141               0.415               0.175               0.272               0.344               0.460               0.260               0.629               0.207               0.422               0.170               0.378               0.351               1.000               0.143               0.404               0.466               0.374               0.300               0.685               0.168               0.062               0.219               0.384               0.284              -0.101               0.156               0.604               0.523               0.196               0.251               0.212               0.420               0.131               0.914               0.325               0.363               0.374               0.215               0.053              -0.019               0.191               0.195              -0.047               0.077               0.029               0.541              -0.053
  SUB:investment_int               0.262               0.241               0.109              -0.058               0.279               0.178               0.382               0.338               0.375               0.381               0.629               0.158               0.580               0.558               0.584               0.243               0.295               0.651              -0.016               0.143               1.000               0.681               0.447               0.281               0.321               0.049               0.603               0.459               0.379               0.398               0.384               0.610               0.477               0.323               0.231               0.312               0.361               0.293               0.508               0.309               0.080               0.333              -0.054               0.615               0.174               0.240               0.344               0.554               0.450               0.389               0.248               0.320               0.164               0.472
  SUB:accrual_intrad               0.259               0.228               0.008               0.061               0.293               0.230               0.248               0.546               0.281               0.439               0.588               0.504               0.615               0.782               0.605               0.406               0.236               0.780               0.090               0.404               0.681               1.000               0.481               0.507               0.480               0.346               0.489               0.402               0.365               0.490               0.401               0.400               0.506               0.444               0.516               0.302               0.455               0.306               0.660               0.294               0.350               0.440               0.062               0.610               0.227               0.178               0.209               0.557               0.456               0.242               0.226               0.235               0.433               0.337
  SUB:fundamental_se               0.543               0.495               0.312               0.304               0.342               0.425               0.303               0.261               0.548               0.521               0.332               0.258               0.525               0.554               0.624               0.584               0.279               0.459               0.445               0.466               0.447               0.481               1.000               0.366               0.519               0.249               0.535               0.464               0.455               0.794               0.513               0.373               0.476               0.668               0.402               0.436               0.581               0.396               0.623               0.254               0.521               0.685               0.297               0.513               0.152               0.196               0.541               0.480               0.551               0.344               0.421               0.263               0.309               0.360
  SUB:analyst_covera               0.300               0.293               0.076               0.359               0.222               0.278               0.012               0.384               0.241               0.527               0.410               0.650               0.529               0.455               0.443               0.594               0.065               0.651               0.370               0.374               0.281               0.507               0.366               1.000               0.760               0.368               0.192               0.250               0.251               0.525               0.458              -0.086               0.533               0.408               0.690               0.305               0.611               0.135               0.505               0.039               0.419               0.332               0.320               0.463               0.043               0.170               0.191               0.515               0.431               0.117               0.247               0.142               0.403               0.327
  SUB:deferred_tax_r               0.515               0.511               0.269               0.476               0.323               0.465               0.151               0.252               0.435               0.626               0.356               0.481               0.575               0.475               0.616               0.679               0.137               0.615               0.538               0.300               0.321               0.480               0.519               0.760               1.000               0.248               0.366               0.376               0.350               0.650               0.554               0.047               0.583               0.506               0.580               0.382               0.685               0.265               0.615               0.087               0.364               0.539               0.468               0.492               0.039               0.256               0.443               0.586               0.506               0.315               0.448               0.213               0.324               0.374
  SUB:pv_intraday_re               0.242               0.238               0.019               0.376               0.320               0.318               0.204               0.165              -0.155               0.116               0.223               0.373               0.099               0.225               0.030               0.323              -0.117               0.385               0.067               0.685               0.049               0.346               0.249               0.368               0.248               1.000               0.143              -0.030               0.259               0.205               0.186              -0.247               0.099               0.422               0.558               0.115               0.221              -0.035               0.310              -0.016               0.713               0.262               0.418               0.234               0.066              -0.118              -0.111              -0.033               0.123              -0.121              -0.114              -0.121               0.682              -0.239
  SUB:excise_tax_eve               0.794               0.721               0.573               0.405               0.707               0.654               0.698               0.102               0.618               0.499               0.509               0.105               0.459               0.370               0.548               0.345               0.206               0.455               0.206               0.168               0.603               0.489               0.535               0.192               0.366               0.143               1.000               0.400               0.672               0.385               0.435               0.473               0.447               0.641               0.314               0.560               0.437               0.292               0.530               0.221               0.168               0.539               0.510               0.374               0.093               0.157               0.710               0.389               0.517               0.588               0.321               0.181               0.198               0.374
  SUB:cumrev_depreci               0.295               0.287               0.213               0.124               0.198               0.257               0.210               0.166               0.349               0.435               0.340               0.191               0.424               0.376               0.604               0.393               0.238               0.436               0.244               0.062               0.459               0.402               0.464               0.250               0.376              -0.030               0.400               1.000               0.271               0.513               0.413               0.423               0.497               0.289               0.228               0.252               0.412               0.356               0.484               0.294               0.070               0.467               0.106               0.549               0.223               0.553               0.425               0.491               0.446               0.554               0.580               0.419               0.139               0.374
  SUB:fair_val_liab_               0.642               0.673               0.557               0.512               0.633               0.626               0.579               0.104               0.391               0.380               0.341               0.160               0.290               0.270               0.381               0.382               0.090               0.326               0.265               0.219               0.379               0.365               0.455               0.251               0.350               0.259               0.672               0.271               1.000               0.301               0.381               0.245               0.362               0.556               0.346               0.567               0.421               0.219               0.415               0.133               0.270               0.458               0.491               0.299               0.083               0.132               0.518               0.243               0.408               0.385               0.247               0.120               0.304               0.226
  SUB:ppe_capital_in               0.427               0.381               0.213               0.287               0.237               0.334               0.134               0.284               0.491               0.544               0.325               0.368               0.553               0.562               0.655               0.663               0.241               0.559               0.477               0.384               0.398               0.490               0.794               0.525               0.650               0.205               0.385               0.513               0.301               1.000               0.489               0.237               0.533               0.541               0.444               0.335               0.589               0.355               0.627               0.215               0.420               0.595               0.275               0.513               0.149               0.281               0.467               0.523               0.482               0.316               0.488               0.280               0.295               0.332
  SUB:accrued_liabil               0.467               0.448               0.277               0.315               0.307               0.417               0.265               0.205               0.418               0.595               0.399               0.346               0.524               0.411               0.539               0.519               0.202               0.451               0.417               0.284               0.384               0.401               0.513               0.458               0.554               0.186               0.435               0.413               0.381               0.489               1.000               0.232               0.533               0.484               0.403               0.421               0.557               0.317               0.540               0.250               0.314               0.553               0.351               0.542               0.201               0.286               0.435               0.488               0.736               0.336               0.372               0.239               0.286               0.750
  SUB:iv60_fundament               0.150               0.109               0.076              -0.260               0.107               0.083               0.259               0.210               0.344               0.213               0.271              -0.135               0.345               0.325               0.492               0.089               0.531               0.326              -0.089              -0.101               0.610               0.400               0.373              -0.086               0.047              -0.247               0.473               0.423               0.245               0.237               0.232               1.000               0.275               0.140              -0.093               0.139               0.244               0.474               0.341               0.583              -0.159               0.324              -0.254               0.382               0.447               0.183               0.323               0.372               0.355               0.377               0.226               0.301              -0.080               0.414
  SUB:capital_intens               0.434               0.398               0.257               0.266               0.281               0.315               0.261               0.318               0.406               0.645               0.440               0.329               0.508               0.451               0.691               0.500               0.120               0.535               0.305               0.156               0.477               0.506               0.476               0.533               0.583               0.099               0.447               0.497               0.362               0.533               0.533               0.275               1.000               0.419               0.395               0.414               0.595               0.247               0.647               0.111               0.168               0.596               0.248               0.500               0.023               0.271               0.455               0.567               0.588               0.405               0.448               0.234               0.231               0.518
  SUB:event_leverage               0.635               0.611               0.399               0.515               0.518               0.555               0.415               0.272               0.716               0.519               0.411               0.337               0.412               0.536               0.446               0.580               0.199               0.464               0.573               0.604               0.323               0.444               0.668               0.408               0.506               0.422               0.641               0.289               0.556               0.541               0.484               0.140               0.419               1.000               0.498               0.495               0.511               0.311               0.538               0.173               0.678               0.516               0.626               0.418               0.153               0.141               0.494               0.384               0.448               0.441               0.390               0.142               0.410               0.220
  SUB:coverage_bread               0.437               0.375               0.199               0.500               0.365               0.369               0.107               0.353               0.225               0.563               0.424               0.612               0.601               0.447               0.349               0.538               0.121               0.511               0.391               0.523               0.231               0.516               0.402               0.690               0.580               0.558               0.314               0.228               0.346               0.444               0.403              -0.093               0.395               0.498               1.000               0.384               0.501               0.172               0.508               0.116               0.572               0.449               0.480               0.374               0.145               0.094               0.212               0.309               0.442               0.072               0.185               0.093               0.577               0.136
  SUB:fair_val_asset               0.555               0.536               0.476               0.523               0.509               0.439               0.348               0.130               0.512               0.534               0.373               0.274               0.439               0.289               0.347               0.344               0.141               0.267               0.354               0.196               0.312               0.302               0.436               0.305               0.382               0.115               0.560               0.252               0.567               0.335               0.421               0.139               0.414               0.495               0.384               1.000               0.360               0.171               0.357               0.128               0.237               0.401               0.441               0.267               0.060               0.126               0.528               0.307               0.404               0.326               0.295               0.154               0.174               0.338
   SUB:virgin_market               0.537               0.518               0.273               0.354               0.341               0.517               0.249               0.172               0.397               0.621               0.314               0.295               0.508               0.386               0.654               0.797               0.152               0.572               0.454               0.251               0.361               0.455               0.581               0.611               0.685               0.221               0.437               0.412               0.421               0.589               0.557               0.244               0.595               0.511               0.501               0.360               1.000               0.334               0.648               0.162               0.320               0.645               0.349               0.515               0.041               0.206               0.469               0.575               0.569               0.319               0.409               0.220               0.361               0.379
  SUB:iv_fundamental               0.213               0.225               0.160               0.128               0.172               0.251               0.109               0.375               0.373               0.329               0.279               0.229               0.320               0.425               0.409               0.406               0.661               0.250               0.420               0.212               0.293               0.306               0.396               0.135               0.265              -0.035               0.292               0.356               0.219               0.355               0.317               0.474               0.247               0.311               0.172               0.171               0.334               1.000               0.353               0.568               0.193               0.367               0.125               0.351               0.617               0.229               0.288               0.456               0.301               0.226               0.333               0.294               0.134               0.244
  SUB:guidance_analy               0.490               0.429               0.192               0.278               0.349               0.418               0.291               0.287               0.355               0.599               0.460               0.365               0.562               0.584               0.915               0.598               0.221               0.680               0.303               0.420               0.508               0.660               0.623               0.505               0.615               0.310               0.530               0.484               0.415               0.627               0.540               0.341               0.647               0.538               0.508               0.357               0.648               0.353               1.000               0.247               0.403               0.794               0.291               0.611               0.166               0.267               0.400               0.548               0.589               0.340               0.387               0.234               0.453               0.352
  SUB:sentiment_iv_s               0.061               0.031               0.019              -0.046               0.076               0.071               0.051               0.308               0.230               0.194               0.234               0.136               0.296               0.293               0.275               0.179               0.562               0.239               0.114               0.131               0.309               0.294               0.254               0.039               0.087              -0.016               0.221               0.294               0.133               0.215               0.250               0.583               0.111               0.173               0.116               0.128               0.162               0.568               0.247               1.000               0.122               0.211              -0.066               0.376               0.825               0.259               0.148               0.302               0.249               0.187               0.201               0.327               0.114               0.242
  SUB:fundamental_se               0.264               0.262               0.044               0.413               0.252               0.297               0.131               0.332               0.205               0.315               0.318               0.470               0.253               0.524               0.179               0.498               0.139               0.355               0.438               0.914               0.080               0.350               0.521               0.419               0.364               0.713               0.168               0.070               0.270               0.420               0.314              -0.159               0.168               0.678               0.572               0.237               0.320               0.193               0.403               0.122               1.000               0.340               0.444               0.386               0.215               0.053               0.005               0.188               0.211              -0.042               0.113               0.028               0.565              -0.075
     SUB:fundamental               0.683               0.596               0.409               0.391               0.414               0.557               0.366               0.122               0.372               0.573               0.237               0.228               0.470               0.397               0.766               0.607               0.178               0.389               0.411               0.325               0.333               0.440               0.685               0.332               0.539               0.262               0.539               0.467               0.458               0.595               0.553               0.324               0.596               0.516               0.449               0.401               0.645               0.367               0.794               0.211               0.340               1.000               0.432               0.417               0.103               0.192               0.579               0.363               0.620               0.349               0.409               0.161               0.380               0.339
  SUB:tlcf_event_mag               0.787               0.758               0.612               0.814               0.628               0.728               0.449              -0.031               0.368               0.392               0.180               0.322               0.135               0.107               0.159               0.468              -0.030               0.108               0.549               0.363              -0.054               0.062               0.297               0.320               0.468               0.418               0.510               0.106               0.491               0.275               0.351              -0.254               0.248               0.626               0.480               0.441               0.349               0.125               0.291              -0.066               0.444               0.432               1.000               0.057              -0.008               0.054               0.530               0.039               0.266               0.301               0.239              -0.054               0.324              -0.013
  SUB:analyst_revisi               0.197               0.201              -0.011               0.078               0.186               0.202               0.167               0.331               0.323               0.488               0.507               0.389               0.582               0.563               0.618               0.473               0.295               0.670               0.227               0.374               0.615               0.610               0.513               0.463               0.492               0.234               0.374               0.549               0.299               0.513               0.542               0.382               0.500               0.418               0.374               0.267               0.515               0.351               0.611               0.376               0.386               0.417               0.057               1.000               0.309               0.594               0.218               0.663               0.478               0.376               0.430               0.415               0.358               0.420
  SUB:options_iv_spr              -0.048              -0.043              -0.056               0.016               0.016               0.017              -0.030               0.330               0.139               0.149               0.226               0.231               0.202               0.280               0.146               0.161               0.508               0.183               0.202               0.215               0.174               0.227               0.152               0.043               0.039               0.066               0.093               0.223               0.083               0.149               0.201               0.447               0.023               0.153               0.145               0.060               0.041               0.617               0.166               0.825               0.215               0.103              -0.008               0.309               1.000               0.259               0.019               0.234               0.138               0.098               0.132               0.245               0.146               0.126
  SUB:analyst_revisi               0.083               0.129               0.062               0.074               0.058               0.119               0.078               0.077               0.220               0.286               0.265               0.184               0.213               0.250               0.373               0.246               0.178               0.277               0.239               0.053               0.240               0.178               0.196               0.170               0.256              -0.118               0.157               0.553               0.132               0.281               0.286               0.183               0.271               0.141               0.094               0.126               0.206               0.229               0.267               0.259               0.053               0.192               0.054               0.594               0.259               1.000               0.201               0.433               0.220               0.505               0.561               0.383               0.058               0.247
  SUB:ppegtq_event_m               0.774               0.707               0.665               0.465               0.499               0.582               0.465               0.003               0.667               0.520               0.220               0.069               0.391               0.216               0.527               0.410               0.188               0.188               0.452              -0.019               0.344               0.209               0.541               0.191               0.443              -0.111               0.710               0.425               0.518               0.467               0.435               0.323               0.455               0.494               0.212               0.528               0.469               0.288               0.400               0.148               0.005               0.579               0.530               0.218               0.019               0.201               1.000               0.303               0.489               0.575               0.493               0.212              -0.008               0.405
  SUB:relationships_               0.216               0.205               0.067               0.086               0.130               0.181               0.109               0.340               0.462               0.561               0.527               0.347               0.575               0.570               0.636               0.572               0.306               0.639               0.399               0.191               0.554               0.557               0.480               0.515               0.586              -0.033               0.389               0.491               0.243               0.523               0.488               0.372               0.567               0.384               0.309               0.307               0.575               0.456               0.548               0.302               0.188               0.363               0.039               0.663               0.234               0.433               0.303               1.000               0.484               0.361               0.426               0.359               0.169               0.507
  SUB:quality_revisi               0.499               0.456               0.291               0.251               0.339               0.412               0.315               0.166               0.402               0.689               0.474               0.235               0.504               0.393               0.608               0.473               0.194               0.475               0.313               0.195               0.450               0.456               0.551               0.431               0.506               0.123               0.517               0.446               0.408               0.482               0.736               0.355               0.588               0.448               0.442               0.404               0.569               0.301               0.589               0.249               0.211               0.620               0.266               0.478               0.138               0.220               0.489               0.484               1.000               0.321               0.338               0.248               0.271               0.620
  SUB:leverage_analy               0.455               0.443               0.382               0.237               0.325               0.331               0.385               0.043               0.549               0.360               0.268               0.019               0.269               0.216               0.479               0.242               0.167               0.269               0.253              -0.047               0.389               0.242               0.344               0.117               0.315              -0.121               0.588               0.554               0.385               0.316               0.336               0.377               0.405               0.441               0.072               0.326               0.319               0.226               0.340               0.187              -0.042               0.349               0.301               0.376               0.098               0.505               0.575               0.361               0.321               1.000               0.596               0.301              -0.052               0.325
  SUB:event_leverage               0.338               0.338               0.261               0.252               0.145               0.276               0.139               0.105               0.557               0.451               0.219               0.168               0.367               0.346               0.522               0.429               0.247               0.256               0.495               0.077               0.248               0.226               0.421               0.247               0.448              -0.114               0.321               0.580               0.247               0.488               0.372               0.226               0.448               0.390               0.185               0.295               0.409               0.333               0.387               0.201               0.113               0.409               0.239               0.430               0.132               0.561               0.493               0.426               0.338               0.596               1.000               0.277               0.053               0.315
  SUB:buzz_reversal_               0.058               0.085               0.036              -0.043               0.033               0.051               0.020               0.169               0.240               0.228               0.250               0.162               0.305               0.263               0.342               0.197               0.240               0.268               0.140               0.029               0.320               0.235               0.263               0.142               0.213              -0.121               0.181               0.419               0.120               0.280               0.239               0.301               0.234               0.142               0.093               0.154               0.220               0.294               0.234               0.327               0.028               0.161              -0.054               0.415               0.245               0.383               0.212               0.359               0.248               0.301               0.277               1.000               0.052               0.288
  SUB:pv_return_reve               0.283               0.274               0.043               0.330               0.282               0.346               0.112               0.221              -0.010               0.255               0.285               0.370               0.284               0.320               0.238               0.415               0.003               0.473               0.154               0.541               0.164               0.433               0.309               0.403               0.324               0.682               0.198               0.139               0.304               0.295               0.286              -0.080               0.231               0.410               0.577               0.174               0.361               0.134               0.453               0.114               0.565               0.380               0.324               0.358               0.146               0.058              -0.008               0.169               0.271              -0.052               0.053               0.052               1.000              -0.028
  SUB:accrual_analys               0.261               0.215               0.180              -0.003               0.148               0.136               0.139               0.271               0.447               0.438               0.280               0.156               0.527               0.336               0.484               0.252               0.231               0.331               0.201              -0.053               0.472               0.337               0.360               0.327               0.374              -0.239               0.374               0.374               0.226               0.332               0.750               0.414               0.518               0.220               0.136               0.338               0.379               0.244               0.352               0.242              -0.075               0.339              -0.013               0.420               0.126               0.247               0.405               0.507               0.620               0.325               0.315               0.288              -0.028               1.000

                    Alpha     Grade     S     F |  vs_book  Verdict | Top mutual
--------------------------------------------------------------------------------------------------------------
                 LL106da6         ?  0.00  0.00 |    0.794  BLOCKED | 0.88(A1Pobg9Y), 0.81(9qrNKvaV)
                 A1Pobg9Y         ?  0.00  0.00 |    0.758  BLOCKED | 0.88(LL106da6), 0.84(9qrNKvaV)
                 mLbEAk05         ?  0.00  0.00 |    0.665    RISKY | 0.74(A1Pobg9Y), 0.72(LL106da6)
                 JjO6YkZA         ?  0.00  0.00 |    0.814  BLOCKED | 0.70(A1Pobg9Y), 0.69(LL106da6)
                 N1rY60QE         ?  0.00  0.00 |    0.707  BLOCKED | 0.73(LL106da6), 0.71(A1Pobg9Y)
                 9qrNKvaV         ?  0.00  0.00 |    0.728  BLOCKED | 0.84(A1Pobg9Y), 0.81(LL106da6)
                 akn5MP82         ?  0.00  0.00 |    0.698    RISKY | 0.64(9qrNKvaV), 0.63(A1Pobg9Y)
